SEQ,M,E,I,L,C,E,D,N,I,S,L,S,S,I,P,N,S,L,M,Q,L,G,D,G,P,R,L,Y,H,N,D,F,N,S,R,D,A,N,T,S,E,A,S,N,W,T,I,D,A,E,N,R,T,N,L,S,C,E,G,Y,L,P,P,T,C,L,S,I,L,H,L,Q,E,K,N,W,S,A,L,L,T,T,V,V,I,I,L,T,I,A,G,N,I,L,V,I,M,A,V,S,L,E,K,K,L,Q,N,A,T,N,Y,F,L,M,S,L,A,I,A,D,M,L,L,G,F,L,V,M,P,V,S,M,L,T,I,L,Y,G,Y,R,W,P,L,P,S,K,L,C,A,I,W,I,Y,L,D,V,L,F,S,T,A,S,I,M,H,L,C,A,I,S,L,D,R,Y,V,A,I,Q,N,P,I,H,H,S,R,F,N,S,R,T,K,A,F,L,K,I,I,A,V,W,T,I,S,V,G,I,S,M,P,I,P,V,F,G,L,Q,D,D,S,K,V,F,K,E,G,S,C,L,L,A,D,D,N,F,V,L,I,G,S,F,V,A,F,F,I,P,L,T,I,M,V,I,T,Y,F,L,T,I,K,S,L,Q,K,E,A,T,L,C,V,S,D,L,S,T,R,A,K,L,A,S,F,S,F,L,P,Q,S,S,L,S,S,E,K,L,F,Q,R,S,I,H,R,E,P,G,S,Y,A,G,R,R,T,M,Q,S,I,S,N,E,Q,K,A,C,K,V,L,G,I,V,F,F,L,F,V,V,M,W,C,P,F,F,I,T,N,I,M,A,V,I,C,K,E,S,C,N,E,N,V,I,G,A,L,L,N,V,F,V,W,I,G,Y,L,S,S,A,V,N,P,L,V,Y,T,L,F,N,K,T,Y,R,S,A,F,S,R,Y,I,Q,C,Q,Y,K,E,N,R,K,P,L,Q,L,I,L,V,N,T,I,P,A,L,A,Y,K,S,S,Q,L,Q,V,G,Q,K,K,N,S,Q,E,D,A,E,Q,T,V,D,D,C,S,M,V,T,L,G,K,Q,Q,S,E,E,N,C,T,D,N,I,E,T,V,N,E,K,V,S,C,V
ASA,114.0,138.9,83.9,80.2,65.6,114.5,88.3,90.2,93.3,49.8,55.3,64.3,67.3,70.6,65.0,73.7,32.8,39.9,55.1,58.3,41.7,36.4,90.8,24.8,56.3,117.7,34.7,47.2,92.2,75.0,69.3,65.0,76.4,45.9,122.2,91.9,35.3,47.4,61.5,46.3,99.4,44.8,30.4,43.4,42.3,36.8,26.3,50.8,54.8,111.1,33.9,92.7,34.3,49.8,37.8,34.1,23.6,105.7,43.6,117.6,48.9,43.8,77.5,80.5,45.2,53.6,55.0,70.1,62.5,65.9,51.7,81.1,60.7,38.9,43.1,84.2,14.0,9.3,42.9,23.2,3.1,18.6,38.6,6.9,6.2,41.9,29.8,2.1,16.9,27.2,1.7,1.7,17.3,22.8,1.5,1.9,33.0,10.0,2.8,16.0,79.1,70.9,110.8,119.6,14.1,89.0,38.0,31.5,25.6,6.8,13.4,25.3,5.1,1.7,3.3,7.1,1.1,1.3,1.9,2.2,1.8,1.8,3.0,0.6,2.5,2.7,3.0,2.4,1.5,8.4,7.0,4.1,11.6,26.5,27.4,21.2,73.8,48.2,77.1,108.5,35.0,40.5,19.6,28.6,51.7,92.9,20.0,18.6,28.6,11.2,10.8,33.6,28.2,3.2,4.8,18.6,5.3,3.4,4.2,2.8,1.0,2.9,6.1,1.6,1.9,4.0,1.3,0.6,2.6,2.6,2.7,4.7,8.6,6.4,9.9,9.9,11.2,39.5,59.7,17.9,77.2,104.4,41.2,67.4,133.5,66.8,39.5,40.7,99.1,56.1,30.7,3.1,29.2,23.3,2.1,1.3,4.2,1.6,0.8,2.1,2.6,1.2,0.4,1.2,0.9,1.3,1.1,2.3,2.0,4.3,2.4,5.9,32.4,12.4,28.4,44.5,76.9,82.2,57.7,135.5,48.1,51.3,135.4,121.1,32.6,29.1,16.5,46.1,32.2,46.8,64.6,68.6,73.4,40.3,20.8,47.7,46.7,4.1,8.6,54.6,28.0,3.1,18.5,46.6,10.3,2.9,27.3,35.0,6.0,4.6,31.3,28.9,4.0,15.6,53.2,33.4,6.1,26.9,76.0,20.4,24.4,78.9,102.4,61.5,36.0,75.0,82.8,44.5,70.4,71.5,84.5,78.3,58.5,72.7,108.7,54.6,108.8,66.7,51.8,64.7,99.9,64.0,124.8,76.9,80.1,119.8,75.1,68.4,79.9,56.5,59.6,101.1,105.9,71.5,87.3,97.9,125.0,50.9,79.4,114.4,143.1,123.5,90.3,53.6,71.9,144.2,74.9,49.5,133.0,125.9,75.6,92.3,110.1,56.5,45.2,51.3,81.0,48.7,37.0,84.9,37.6,18.6,37.0,38.8,35.0,3.3,16.6,32.0,27.8,6.0,15.0,34.5,8.3,3.9,11.1,37.7,5.5,4.8,41.4,36.0,5.2,13.2,39.5,24.4,13.9,27.4,58.8,41.1,17.1,100.0,125.8,39.2,24.3,74.1,122.7,93.3,19.9,27.8,30.6,21.6,8.4,37.9,35.4,6.3,12.3,16.5,8.3,6.0,3.4,8.8,2.3,3.0,5.0,1.7,1.7,9.7,4.6,1.5,5.5,23.3,3.2,5.8,29.0,22.6,107.7,58.9,8.1,40.9,55.9,20.1,2.8,28.7,109.4,15.6,4.5,63.5,20.1,71.3,52.0,80.5,114.1,109.1,120.4,100.3,78.3,86.0,92.5,79.3,76.3,81.4,84.6,91.9,84.9,68.7,59.9,62.0,83.1,49.8,108.3,119.4,56.8,68.5,101.2,79.3,95.6,79.0,43.1,103.2,122.2,128.2,102.7,64.9,115.9,120.1,85.5,63.1,119.8,96.9,74.7,70.5,91.9,84.3,53.6,56.3,95.1,75.1,71.4,84.3,44.5,124.4,111.3,105.9,60.1,106.6,119.1,88.9,57.5,90.1,97.9,94.6,89.6,116.8,82.9,82.2,104.3,109.1,128.4,77.6,66.9,62.9,111.9
Phi,-95.9,-85.5,-86.3,-83.7,-92.8,-80.3,-85.7,-78.8,-77.7,-92.0,-81.1,-88.1,-86.7,-97.7,-67.5,-77.5,-73.7,-70.1,-71.0,-74.9,-79.2,44.1,-93.8,139.3,-69.7,-71.3,-70.4,-84.8,-83.4,-81.5,-80.8,-83.3,-88.7,-86.5,-78.8,-82.0,-88.8,-98.0,-94.5,-90.9,-82.5,-87.3,-98.3,-96.2,-101.4,-107.3,-99.6,-99.9,-67.7,-82.0,-90.2,-94.3,-97.3,-92.7,-94.4,-97.9,-93.8,-91.2,80.4,-97.4,-95.1,-70.6,-66.8,-78.1,-84.7,-89.3,-81.0,-72.3,-80.2,-85.3,-65.5,-66.3,-67.8,-65.7,-64.1,-65.2,-64.3,-63.1,-64.5,-65.1,-64.8,-63.9,-65.0,-65.8,-65.4,-65.7,-74.2,-66.3,-64.5,-64.3,-64.7,-64.7,-64.1,-65.0,-64.4,-64.4,-64.6,-65.1,-66.1,-66.9,-81.2,-107.8,-71.2,-83.9,-81.7,-91.9,-127.7,-62.2,-64.4,-64.8,-64.4,-64.5,-65.2,-64.9,-64.4,-65.3,-65.3,-65.2,-65.1,-65.2,-66.0,-65.5,-64.8,-65.2,-67.1,-70.3,-68.6,-66.2,-65.5,-65.6,-65.7,-65.4,-65.5,-66.3,-68.1,-77.0,-101.1,78.1,-103.2,-119.9,-93.5,-73.5,-88.8,-72.1,-63.3,-67.2,-68.8,-64.9,-64.9,-65.9,-64.9,-64.4,-66.0,-65.6,-65.0,-64.4,-66.1,-66.3,-65.8,-65.7,-65.5,-65.1,-64.7,-64.9,-64.3,-64.2,-64.8,-64.8,-65.3,-65.5,-65.0,-65.5,-65.8,-65.6,-65.2,-65.9,-73.3,-93.7,-68.0,-72.5,-80.2,-94.8,-82.3,-68.4,-74.7,-98.0,-95.1,-113.4,-63.3,-65.5,-65.7,-64.0,-64.1,-64.5,-65.2,-64.9,-64.5,-65.4,-64.9,-64.1,-65.5,-66.1,-65.6,-65.5,-66.4,-69.5,-81.3,-69.6,-67.9,-67.3,-68.0,-77.2,-97.2,93.3,-99.0,-99.9,-98.0,-91.0,-74.4,-72.4,-78.8,-96.0,-81.3,-87.4,81.9,-113.8,-98.6,-100.8,-99.9,-98.1,-107.7,-68.4,-66.2,-66.0,-63.8,-64.2,-64.6,-64.9,-64.0,-64.5,-65.0,-65.0,-64.5,-64.4,-64.8,-64.9,-64.6,-64.7,-65.1,-64.8,-64.2,-65.1,-65.1,-64.3,-64.4,-65.5,-65.5,-64.1,-65.5,-65.8,-66.0,-66.2,-67.7,-70.0,-66.7,-69.3,-74.5,-77.8,-76.6,-75.2,-80.1,-72.8,-69.2,-69.1,-67.5,-66.9,-68.3,-69.2,-69.2,-75.8,-82.1,-83.1,-89.3,-90.9,-71.1,-75.6,-78.8,-83.8,-83.3,-82.3,-68.5,-67.3,-67.3,-67.4,-68.2,-68.0,-70.1,-71.5,-76.8,-88.8,-87.9,-96.4,-68.7,15.9,-90.4,-80.4,-79.6,-64.5,-87.9,-88.2,-88.2,-70.0,-68.9,-68.7,-67.1,-64.4,-66.7,-67.3,-64.4,-64.4,-65.7,-66.2,-63.8,-64.5,-64.8,-64.5,-64.1,-64.4,-64.7,-64.9,-64.5,-64.8,-65.4,-67.6,-67.6,-65.5,-66.0,-64.9,-64.8,-65.6,-66.1,-65.2,-66.6,-68.5,-70.4,-65.9,-70.6,-90.8,-118.2,-68.0,-74.5,-94.7,-98.9,-97.4,-66.6,-72.3,-68.0,-62.7,-64.2,-66.0,-65.6,-64.1,-65.3,-65.1,-65.1,-64.7,-64.5,-64.8,-64.3,-65.4,-65.9,-65.5,-68.2,-69.4,-66.7,-66.0,-66.8,-65.1,-65.3,-65.9,-67.6,-73.2,-99.1,-81.0,-65.3,-66.4,-65.5,-62.8,-64.4,-66.1,-65.5,-64.0,-68.9,-75.9,-86.4,-84.8,-96.0,-77.8,-83.2,-81.6,-76.1,-86.5,-91.2,-89.5,-63.9,-68.4,-68.1,-68.2,-69.4,-71.3,-78.7,-88.7,-87.2,-93.0,-70.4,-66.1,-70.6,-70.1,-82.9,-83.2,-80.7,-70.3,-69.9,-68.7,-68.8,-69.7,-70.3,-74.0,-78.0,-81.3,-84.7,-77.4,-78.0,-79.9,-84.7,-73.1,-79.3,-81.3,-85.1,-72.9,-74.5,-74.6,-75.6,-72.6,-72.3,-74.7,-77.5,-74.9,-73.0,-82.0,-83.4,-83.4,-86.3,-75.3,-76.1,-89.4,-80.6,-84.8,-85.4,-80.9,-78.5,-83.2,-89.8,-89.5,-89.4,-87.0,-99.0,-110.8,-93.8,-96.6,-98.4
Psi,133.7,126.3,66.2,8.5,44.1,-4.8,32.0,6.0,-15.6,16.7,0.3,19.7,28.2,121.8,-13.8,-6.9,-26.1,-36.2,-31.6,-28.0,-17.5,-23.0,53.5,-177.0,-17.0,-26.2,-34.4,-7.8,-3.3,11.6,2.8,-1.7,20.8,51.7,-10.2,7.5,29.3,116.6,29.4,102.0,9.1,40.7,115.6,62.0,117.3,132.0,111.3,142.3,-23.1,-9.5,35.0,101.4,92.0,42.9,86.9,110.4,85.3,120.5,-13.6,102.4,134.9,150.0,-17.5,-4.9,4.5,86.2,138.6,-24.0,-11.0,34.9,-35.8,-37.7,-37.3,-39.7,-40.7,-40.5,-42.6,-43.2,-41.4,-42.0,-43.9,-42.2,-40.7,-42.5,-42.8,-39.6,-31.4,-42.6,-41.8,-40.4,-43.9,-43.7,-42.6,-41.6,-44.1,-43.9,-42.0,-42.9,-43.2,-36.4,-23.6,58.9,-22.7,-6.6,129.3,-6.3,154.8,-35.5,-41.1,-42.9,-42.9,-42.2,-43.2,-43.6,-42.8,-42.2,-43.4,-43.2,-43.1,-42.8,-42.0,-42.9,-43.1,-43.2,-40.3,-36.6,-39.1,-42.8,-43.3,-42.2,-41.9,-43.5,-42.4,-40.9,-40.5,-35.6,-4.8,11.8,129.4,143.0,132.1,135.6,135.3,150.6,-33.9,-35.9,-35.8,-40.9,-40.3,-42.4,-42.8,-41.6,-41.1,-43.0,-42.7,-41.8,-42.0,-41.8,-41.3,-42.2,-43.0,-42.6,-42.9,-43.2,-43.6,-43.1,-43.3,-43.6,-42.8,-42.6,-43.2,-42.6,-42.2,-42.8,-42.4,-41.5,-36.9,-23.6,64.0,-19.9,-13.4,6.6,81.1,-28.6,-27.7,-3.8,95.0,166.6,-34.6,-38.0,-40.5,-43.5,-41.8,-41.8,-43.3,-43.5,-42.8,-42.9,-43.7,-43.1,-41.8,-42.1,-42.8,-42.2,-41.4,-37.9,-24.2,-38.6,-39.7,-40.5,-40.0,-31.6,0.5,22.1,123.9,126.1,82.6,66.8,-15.3,-21.6,-26.7,79.4,-11.9,32.3,9.2,140.4,133.6,125.2,128.1,-9.5,132.1,-26.9,-37.3,-40.5,-41.8,-41.0,-41.2,-43.1,-42.9,-41.2,-41.4,-43.6,-42.5,-41.5,-43.2,-43.5,-41.8,-41.1,-43.4,-43.5,-41.9,-41.5,-43.7,-43.2,-41.5,-41.7,-43.1,-41.9,-40.7,-42.2,-41.3,-38.7,-37.9,-36.4,-38.5,-34.8,-29.9,-29.8,-27.8,-25.0,-14.5,-30.5,-35.2,-36.1,-37.4,-37.0,-36.1,-36.1,-33.0,-27.6,-12.1,4.2,25.2,129.3,130.3,-14.6,-11.4,-0.8,17.1,49.4,-32.2,-37.2,-37.5,-38.4,-37.3,-36.3,-33.7,-33.6,-27.2,-2.0,37.6,127.1,131.3,5.3,111.7,-9.6,-6.8,-1.5,107.2,117.4,131.9,-27.5,-32.3,-36.8,-38.7,-39.4,-38.0,-39.1,-40.5,-40.4,-40.3,-40.9,-41.7,-41.4,-41.5,-43.5,-42.4,-41.8,-42.2,-43.4,-42.3,-41.4,-42.5,-39.0,-38.6,-40.2,-42.7,-42.8,-41.3,-41.0,-42.8,-41.6,-39.8,-38.9,-36.7,-38.2,-35.2,-25.7,62.7,-30.0,-21.8,-5.8,126.9,131.5,-25.2,-25.3,-38.0,-41.6,-40.3,-41.1,-42.3,-41.5,-41.0,-43.5,-42.5,-41.8,-43.5,-43.1,-43.1,-42.1,-42.8,-42.0,-38.2,-37.0,-41.7,-41.8,-40.9,-43.7,-42.8,-41.0,-39.5,-31.6,1.1,137.6,-33.5,-39.2,-42.8,-41.4,-40.2,-41.6,-42.8,-39.9,-33.6,-34.4,-15.9,0.7,142.3,-10.6,-2.6,-3.4,-16.7,5.8,116.2,142.0,-27.6,-33.5,-34.8,-36.3,-35.1,-30.9,-21.0,31.6,8.1,132.1,149.3,-27.3,-29.4,-31.5,-0.3,4.9,-13.5,-28.1,-32.8,-35.4,-34.7,-34.4,-26.9,-26.4,-17.6,-8.8,11.9,-12.4,-15.2,-12.8,36.8,-23.0,-13.2,3.0,28.7,-27.2,-24.0,-22.7,-23.0,-28.3,-29.4,-27.5,-21.0,-22.8,-15.1,-1.3,3.5,14.8,57.3,-16.5,-21.2,22.3,15.3,-1.3,8.4,6.3,-14.3,1.8,65.8,89.6,43.1,88.3,124.5,137.3,129.5,92.5,123.2
Theta(i-1=>i+1),115.6,110.9,107.1,104.4,108.4,103.0,103.5,100.7,100.6,107.0,102.6,106.6,105.8,114.7,101.7,101.3,98.6,96.7,97.2,99.4,100.4,107.3,106.5,120.0,100.9,97.7,95.9,101.6,101.6,103.1,101.5,101.8,104.7,107.2,101.6,100.9,105.8,113.2,106.4,110.1,103.5,106.5,112.9,108.0,114.0,118.2,112.8,117.5,96.4,98.2,105.1,110.6,111.2,105.5,110.4,112.1,109.3,112.1,106.4,111.4,118.2,114.4,100.5,100.5,102.5,109.1,110.1,98.5,101.1,106.8,95.1,93.9,94.0,93.9,93.5,93.2,93.5,93.4,92.9,93.3,94.3,93.4,92.8,94.0,94.4,93.1,95.2,94.8,93.6,92.1,94.0,94.1,93.4,93.1,93.6,94.0,93.0,93.4,94.4,94.0,95.5,109.2,97.1,97.3,114.3,100.2,133.9,92.4,92.8,93.8,93.8,93.2,93.9,94.0,93.3,93.6,94.0,94.0,93.9,93.7,94.2,94.1,93.5,93.9,94.4,95.2,95.2,94.7,94.5,94.2,93.8,94.3,94.2,93.4,94.1,96.9,101.2,97.5,117.3,126.2,117.5,110.6,116.7,115.9,93.4,92.9,94.0,94.1,93.1,94.3,94.0,93.0,93.7,94.4,93.9,92.6,94.2,94.7,93.9,93.9,94.2,93.8,93.3,93.5,93.3,92.9,93.4,93.9,93.8,93.9,93.7,93.9,93.9,94.2,93.6,93.6,96.0,101.8,102.5,96.3,96.0,102.9,107.0,95.8,95.3,102.1,110.5,129.7,93.4,93.2,93.8,93.9,93.2,93.0,94.0,94.0,93.4,94.0,94.0,93.2,93.7,94.1,94.1,93.9,94.3,94.9,97.1,96.1,95.1,94.6,95.0,97.5,102.0,110.7,114.7,115.0,110.4,106.3,101.1,96.9,98.3,109.6,101.2,103.7,105.5,123.6,119.2,115.6,117.5,107.2,119.4,96.9,94.1,94.0,93.4,93.0,92.5,93.9,93.8,92.9,92.9,94.3,93.8,92.6,93.7,94.2,93.6,92.5,93.8,94.2,92.8,92.8,94.1,94.0,92.7,92.9,94.1,93.3,92.8,93.5,94.0,93.6,93.4,94.3,94.2,94.4,95.7,98.4,99.0,98.0,99.9,98.0,97.0,95.7,94.4,94.0,94.1,94.9,95.3,97.5,99.9,103.8,105.3,114.7,106.3,99.9,100.1,102.2,105.4,107.4,97.1,94.5,94.2,94.3,94.6,94.4,95.0,97.1,97.8,102.1,106.4,115.5,106.4,105.1,110.1,101.4,101.3,105.0,109.7,110.4,111.2,97.5,95.5,95.5,94.1,93.6,93.4,94.0,93.4,93.0,93.0,93.9,93.2,93.0,92.9,93.9,93.5,92.9,93.2,94.2,93.6,92.9,93.9,94.6,94.7,93.5,94.6,94.2,93.2,93.1,94.4,94.0,93.6,94.1,95.2,93.6,93.9,100.0,109.5,96.4,94.5,99.9,115.5,115.6,94.6,95.0,94.7,93.2,92.5,93.5,94.5,93.1,93.2,94.2,94.1,93.3,93.6,93.9,93.4,93.6,94.5,94.0,94.6,95.1,94.7,94.3,94.5,94.1,94.3,93.9,94.4,95.2,98.9,117.7,94.2,92.7,93.9,93.0,92.2,93.2,94.1,93.0,92.6,96.8,100.4,99.2,120.6,100.9,102.6,103.2,99.9,102.3,111.4,116.8,96.7,94.9,94.5,94.6,95.0,95.8,99.4,104.9,103.8,115.9,109.0,96.1,94.9,96.0,103.2,104.5,106.1,97.9,95.5,95.1,94.8,95.6,96.8,97.7,100.3,102.5,103.7,101.1,100.3,101.7,106.2,99.1,100.5,104.5,106.7,99.1,98.7,98.5,98.8,98.9,97.7,98.8,100.0,99.0,102.6,103.1,103.6,104.6,107.8,99.8,99.9,104.1,104.8,103.5,103.4,102.8,100.8,103.2,107.9,109.0,106.0,108.3,114.8,121.9,113.3,109.9,114.1
Tau(i-2=>i+2),162.0,-119.1,-155.6,105.2,70.7,129.9,50.2,133.6,97.9,69.7,107.2,134.5,-178.7,121.7,-126.6,78.9,92.4,65.7,57.1,57.9,75.1,-1.5,37.0,102.2,-51.8,59.2,58.6,54.6,60.9,78.7,98.3,87.3,79.4,119.3,148.6,57.0,95.7,129.1,-176.9,125.4,176.3,102.5,133.7,172.3,153.3,-178.5,-161.6,-172.7,-114.4,58.5,74.5,153.3,171.7,154.4,140.9,171.4,-173.7,-177.3,7.9,73.8,-156.1,-106.3,-104.6,58.6,74.9,82.5,142.9,-151.1,60.0,69.9,90.1,52.9,51.2,52.6,53.2,51.3,51.2,51.7,51.5,50.3,50.7,51.6,50.7,49.7,50.8,50.8,47.0,51.1,51.7,50.9,50.5,50.7,52.0,50.4,49.8,50.6,51.2,50.6,49.7,52.0,47.9,45.4,-179.8,58.5,108.5,-166.8,52.4,-119.2,55.0,51.4,52.3,51.9,50.6,51.0,51.8,50.8,51.1,50.9,51.8,50.8,50.9,51.5,51.0,51.0,50.6,49.5,50.2,51.2,51.4,50.8,50.7,50.4,50.6,49.8,48.4,44.0,34.4,-108.5,129.5,-163.1,-127.5,-120.1,-116.3,-108.6,-115.4,54.8,49.5,52.9,52.1,50.8,51.9,52.0,51.0,50.8,51.8,51.3,50.4,51.4,52.0,51.1,51.7,51.9,50.9,50.5,51.2,50.3,50.4,50.7,50.7,51.3,50.6,50.4,50.3,50.5,50.5,50.3,46.5,38.1,-67.2,-172.0,63.0,52.4,106.4,127.6,52.0,40.0,82.0,145.7,-101.7,54.6,51.2,52.5,52.4,51.8,51.1,50.8,51.3,51.0,51.1,51.0,50.8,50.4,51.2,50.6,51.1,49.4,47.7,55.4,52.3,51.2,51.0,47.2,41.9,-111.2,-178.7,-166.1,-168.3,-155.1,163.9,74.2,52.5,58.0,137.1,38.5,-68.3,164.6,-128.7,-150.9,-146.4,-175.7,67.8,-146.6,55.5,51.6,52.3,51.9,50.5,50.6,51.9,51.3,50.1,51.0,51.8,51.4,50.4,50.7,51.9,50.6,49.9,50.8,51.1,49.9,50.1,51.0,50.7,49.9,50.0,50.7,50.5,50.1,50.2,51.4,50.3,49.3,52.3,51.8,48.2,49.3,53.0,54.3,53.4,63.3,60.2,53.8,53.6,54.4,52.2,52.8,54.6,52.2,53.4,73.2,72.8,127.0,-115.7,-127.2,64.9,70.4,86.5,97.8,63.5,55.2,53.1,52.5,52.4,53.1,52.0,54.5,52.0,50.2,90.7,174.0,-111.2,16.5,120.1,-163.3,70.0,36.0,111.9,-177.7,-145.5,-122.5,60.5,54.2,52.2,55.0,50.9,51.3,52.2,52.6,50.5,50.6,52.2,51.8,50.3,50.8,51.9,51.5,50.7,50.8,51.8,51.4,50.7,49.8,51.5,51.7,51.2,51.4,51.5,50.5,50.2,51.2,50.9,48.9,48.8,53.2,49.4,37.6,28.4,175.8,55.4,49.6,80.3,-141.7,-127.4,58.8,52.3,55.5,52.2,50.8,51.0,52.1,51.1,50.5,50.9,51.1,51.5,50.8,51.0,50.5,50.9,51.5,50.5,50.7,51.5,52.3,50.8,50.5,51.0,51.0,50.9,49.1,42.5,105.6,-132.3,52.2,50.4,52.7,51.7,50.1,50.4,52.6,52.2,46.7,48.3,56.8,109.0,-142.6,66.9,78.6,91.6,56.8,114.2,-134.5,-114.1,56.0,55.1,55.1,53.4,54.1,55.9,58.3,115.1,126.8,-115.1,-113.4,55.6,59.6,63.7,84.8,116.5,-162.1,57.4,56.4,55.2,55.2,49.7,59.1,63.1,67.5,60.3,87.2,70.5,69.1,84.0,97.7,64.5,81.1,94.6,84.5,64.6,59.0,63.2,69.3,62.4,62.1,61.5,64.3,44.3,68.2,72.4,81.1,103.6,95.2,69.8,56.9,116.2,96.7,61.4,94.2,89.1,76.2,92.6,128.4,108.4,146.3,-169.1,-168.7,-143.6,-158.3,177.2
HSE_alpha_up,8.6,4.3,10.8,11.6,8.7,6.3,6.5,8.6,8.6,9.1,15.3,7.2,7.6,11.3,11.8,10.2,14.3,16.3,13.8,11.5,16.6,10.7,6.3,12.7,11.8,8.3,17.6,18.9,9.5,10.7,11.3,15.9,10.0,11.2,9.7,6.3,15.2,14.4,11.8,11.1,10.2,12.2,15.8,15.3,19.9,14.4,21.4,11.2,13.2,6.1,19.3,11.5,16.0,12.7,17.4,12.3,21.1,8.0,6.7,9.2,16.5,11.4,9.6,7.1,14.7,16.1,8.1,13.9,12.8,10.8,16.1,9.7,12.4,19.1,15.7,11.3,19.4,22.0,13.5,17.6,25.3,19.5,13.5,22.8,24.7,16.2,18.4,26.2,21.7,14.1,24.4,26.9,20.8,17.7,25.9,26.8,17.2,18.5,25.2,20.6,10.0,12.5,9.9,5.1,24.3,9.2,14.6,19.3,17.5,24.1,23.4,19.8,24.1,27.1,24.9,23.3,26.6,27.4,26.0,26.0,26.8,26.8,25.6,27.0,26.6,25.9,25.4,26.2,26.8,22.8,21.3,24.8,22.0,15.6,16.5,19.3,14.0,5.0,13.8,8.8,21.6,14.9,22.7,15.7,13.4,8.9,21.1,20.4,14.3,22.4,24.4,17.3,19.1,25.5,24.9,19.4,24.0,26.1,24.4,25.4,27.2,25.4,23.8,26.9,27.0,24.8,26.5,27.9,26.0,24.8,25.7,24.1,23.3,24.5,21.6,20.1,22.2,17.5,12.4,23.0,12.1,6.5,18.2,7.0,4.8,13.7,18.3,9.1,15.4,11.6,19.8,25.5,19.7,19.1,26.7,27.6,25.1,26.0,28.2,27.4,25.8,27.3,29.0,27.5,26.5,27.2,26.8,26.7,26.6,25.1,25.9,24.1,20.2,20.3,19.8,15.9,9.6,8.5,10.6,3.6,12.9,17.2,4.3,4.9,12.2,14.7,22.1,15.1,20.3,12.4,10.3,14.1,8.7,16.7,20.2,14.1,11.7,22.5,22.6,13.7,15.5,24.9,21.8,14.6,21.4,25.7,18.9,12.2,23.0,25.3,15.6,15.5,24.0,22.5,12.1,13.7,23.0,18.3,8.8,13.5,18.2,10.1,5.6,11.6,13.7,5.7,6.7,11.8,9.8,4.1,5.8,9.5,6.4,5.6,7.7,7.1,4.8,9.2,9.5,5.2,8.8,7.4,6.2,9.5,6.8,5.6,4.4,6.0,9.8,7.2,7.7,5.5,5.1,7.4,8.2,5.3,5.0,7.7,8.9,5.6,5.0,4.1,6.6,3.9,4.9,6.5,4.5,4.3,6.8,8.0,6.3,11.6,4.5,5.7,14.6,10.3,5.7,13.6,18.8,11.4,9.2,19.4,19.1,14.7,14.9,23.6,21.5,16.0,18.6,24.9,21.9,17.6,22.6,25.2,23.6,19.0,23.6,25.0,17.1,16.4,24.3,22.0,14.8,18.0,22.6,16.9,10.4,16.3,20.5,11.1,3.7,12.7,20.6,8.8,7.0,5.4,20.1,19.6,7.7,15.0,24.2,16.4,15.3,23.6,23.2,20.3,24.2,24.4,23.1,23.4,26.2,25.2,23.5,25.9,26.8,23.0,24.3,26.9,24.6,20.1,24.7,24.4,20.3,20.2,8.6,6.7,24.4,18.9,5.3,13.6,26.7,16.9,6.8,22.0,25.4,14.7,20.8,12.5,17.7,13.3,7.0,3.9,8.9,7.5,8.0,7.0,6.3,7.0,7.7,7.1,6.3,6.7,6.1,10.5,9.3,8.6,7.3,8.6,8.5,5.5,7.6,5.8,5.1,7.9,5.6,6.2,5.3,5.3,5.0,4.6,4.8,7.6,4.5,4.5,6.1,7.9,4.6,7.3,6.9,11.3,4.8,5.8,11.6,8.4,7.7,8.2,7.5,9.0,6.2,5.3,5.9,6.6,7.2,8.0,4.6,6.9,11.6,4.8,4.6,6.7,9.5,5.5,5.9,9.1,4.9,8.2,5.3,9.7,8.2,12.2,7.1
HSE_alpha_down,8.7,12.1,12.9,13.4,14.2,14.0,14.5,13.8,15.0,16.6,12.8,16.3,15.8,15.6,16.3,17.5,17.4,17.8,18.3,19.0,15.6,17.7,17.8,18.3,17.5,19.1,16.9,16.8,18.9,16.7,17.1,15.7,18.0,16.0,16.3,17.5,15.5,17.2,18.4,17.3,17.4,17.9,18.0,21.5,20.7,24.6,19.0,22.2,17.4,20.8,15.5,21.2,18.5,20.8,18.7,21.5,15.0,19.6,17.0,17.7,15.2,17.6,16.4,17.8,14.5,14.9,18.6,16.8,17.3,18.2,17.5,21.7,20.7,20.3,23.7,25.9,24.6,24.6,27.6,27.0,27.1,26.1,28.2,27.5,26.7,28.2,27.8,27.3,27.7,29.9,28.2,28.7,28.8,29.6,28.6,28.2,29.0,26.6,23.2,20.3,21.0,15.4,16.5,21.2,11.1,23.6,24.4,21.3,27.0,26.9,27.8,29.3,29.7,30.1,30.1,30.9,30.6,31.1,30.7,31.0,30.9,30.8,31.4,30.6,30.9,30.0,29.7,29.6,29.0,29.1,28.0,27.3,25.9,25.0,21.1,18.7,15.4,19.7,15.3,22.5,17.1,24.2,18.8,22.1,20.1,24.1,21.1,23.2,27.2,26.2,27.2,27.9,28.5,28.9,29.0,30.4,30.1,30.1,30.3,30.6,30.2,30.1,30.9,31.2,31.5,31.8,31.4,30.5,31.0,29.7,30.1,29.6,29.2,28.5,28.0,26.1,23.9,22.0,23.5,15.6,18.8,20.2,11.6,17.6,19.2,15.7,16.5,23.2,18.9,23.9,24.6,25.2,27.4,29.6,30.7,30.7,31.3,31.2,31.1,32.0,31.9,32.1,31.6,31.9,31.1,30.6,28.7,29.4,29.3,29.4,28.3,26.7,24.8,24.1,20.8,18.9,18.1,17.1,13.1,16.9,15.3,12.1,16.9,17.3,17.7,23.1,18.6,26.0,19.5,20.8,20.7,17.6,22.8,20.7,22.0,25.8,27.8,25.5,25.7,27.8,27.5,26.5,27.2,28.7,27.6,27.0,26.7,28.3,26.9,27.1,27.6,27.7,26.5,26.2,27.1,25.6,23.2,23.4,25.3,21.3,18.3,19.9,20.7,18.2,16.4,18.1,17.8,14.4,14.1,15.3,15.0,12.5,14.8,16.4,15.1,15.4,16.9,14.8,15.2,16.1,13.3,12.6,12.7,10.4,14.6,12.6,13.1,13.5,11.9,14.7,14.5,15.5,16.5,15.9,15.4,15.9,15.6,14.2,12.5,12.9,11.1,12.2,11.9,12.5,11.1,11.1,11.4,12.8,11.8,12.5,16.3,13.8,15.9,17.8,16.5,19.0,22.4,20.0,19.9,23.9,24.6,22.9,24.7,26.8,27.1,25.9,26.4,27.9,27.8,27.3,26.7,28.5,28.3,27.8,26.9,28.5,26.5,25.4,26.8,26.9,25.1,24.8,25.5,23.4,20.8,21.6,22.3,19.0,14.9,17.0,21.4,16.3,13.1,19.7,16.1,19.8,17.6,20.2,25.3,22.8,22.8,25.4,26.9,26.7,27.3,28.5,29.6,29.7,30.2,30.8,30.0,30.0,29.2,28.6,29.3,29.0,28.2,28.1,28.2,28.2,27.5,25.8,24.3,18.4,20.6,23.4,18.1,20.8,25.7,22.8,20.9,23.0,25.3,23.0,22.4,23.6,16.4,21.6,15.0,14.4,14.2,13.5,11.2,14.8,14.8,15.5,15.7,15.3,15.1,14.8,14.0,13.4,14.4,12.8,15.7,15.2,14.5,14.0,12.9,13.7,12.4,13.6,13.7,13.6,14.7,14.6,14.2,13.4,12.1,11.9,12.1,11.3,12.5,12.7,12.3,11.6,13.7,12.6,13.9,12.5,14.8,15.5,12.9,14.4,14.4,13.8,13.9,12.9,14.1,12.9,12.2,12.3,12.8,13.2,14.0,14.9,11.0,13.8,13.3,12.7,12.0,13.1,12.6,11.1,13.4,11.9,14.7,12.9,15.1,11.5,9.7
P(C),0.984,0.935,0.806,0.827,0.777,0.745,0.758,0.744,0.708,0.703,0.745,0.853,0.921,0.934,0.729,0.582,0.403,0.337,0.334,0.390,0.630,0.832,0.891,0.897,0.778,0.703,0.678,0.734,0.765,0.749,0.732,0.695,0.747,0.748,0.642,0.655,0.694,0.776,0.797,0.749,0.630,0.559,0.579,0.689,0.673,0.724,0.819,0.861,0.662,0.635,0.706,0.710,0.682,0.715,0.678,0.700,0.698,0.745,0.861,0.896,0.963,0.983,0.750,0.637,0.565,0.551,0.508,0.363,0.369,0.372,0.168,0.129,0.132,0.121,0.072,0.027,0.019,0.014,0.011,0.004,0.002,0.001,0.001,0.001,0.002,0.001,0.002,0.005,0.014,0.008,0.006,0.007,0.001,0.001,0.001,0.001,0.001,0.002,0.006,0.061,0.378,0.850,0.849,0.848,0.943,0.991,0.962,0.086,0.015,0.003,0.003,0.006,0.004,0.003,0.004,0.003,0.002,0.002,0.002,0.002,0.002,0.003,0.008,0.020,0.125,0.261,0.177,0.015,0.004,0.003,0.004,0.001,0.000,0.001,0.004,0.024,0.318,0.988,0.981,0.939,0.951,0.970,0.979,0.928,0.232,0.156,0.066,0.059,0.024,0.005,0.003,0.011,0.020,0.005,0.001,0.001,0.004,0.021,0.055,0.069,0.029,0.012,0.001,0.000,0.001,0.002,0.006,0.002,0.003,0.006,0.005,0.003,0.001,0.002,0.003,0.006,0.048,0.257,0.967,0.877,0.834,0.732,0.738,0.617,0.613,0.581,0.954,0.960,0.042,0.016,0.003,0.001,0.001,0.000,0.000,0.001,0.003,0.004,0.003,0.002,0.003,0.001,0.001,0.003,0.009,0.061,0.209,0.413,0.078,0.020,0.024,0.099,0.394,0.629,0.559,0.715,0.852,0.776,0.624,0.555,0.543,0.620,0.732,0.783,0.842,0.666,0.598,0.502,0.564,0.752,0.836,0.381,0.158,0.058,0.012,0.004,0.003,0.005,0.022,0.061,0.060,0.049,0.125,0.078,0.017,0.013,0.009,0.006,0.002,0.001,0.002,0.001,0.001,0.002,0.003,0.003,0.002,0.002,0.003,0.004,0.005,0.012,0.024,0.040,0.046,0.093,0.145,0.279,0.353,0.470,0.521,0.458,0.455,0.403,0.285,0.276,0.312,0.340,0.457,0.554,0.595,0.730,0.823,0.957,0.898,0.766,0.707,0.687,0.643,0.623,0.451,0.248,0.186,0.159,0.186,0.220,0.296,0.399,0.501,0.665,0.813,0.961,0.937,0.900,0.848,0.771,0.790,0.805,0.777,0.734,0.675,0.593,0.513,0.425,0.254,0.234,0.219,0.139,0.076,0.039,0.012,0.010,0.011,0.008,0.003,0.002,0.003,0.003,0.005,0.004,0.003,0.012,0.039,0.100,0.204,0.270,0.064,0.007,0.002,0.003,0.005,0.005,0.006,0.017,0.016,0.023,0.080,0.234,0.734,0.535,0.528,0.581,0.856,0.863,0.682,0.562,0.185,0.100,0.073,0.023,0.009,0.010,0.014,0.012,0.015,0.014,0.006,0.003,0.002,0.010,0.017,0.034,0.168,0.327,0.216,0.035,0.020,0.007,0.004,0.007,0.026,0.118,0.393,0.995,0.082,0.042,0.012,0.013,0.007,0.001,0.001,0.004,0.016,0.085,0.334,0.696,0.839,0.782,0.817,0.798,0.775,0.797,0.850,0.910,0.591,0.330,0.254,0.213,0.320,0.459,0.689,0.878,0.933,0.972,0.875,0.488,0.451,0.511,0.628,0.752,0.745,0.701,0.662,0.677,0.703,0.737,0.836,0.818,0.836,0.867,0.876,0.846,0.824,0.822,0.844,0.765,0.765,0.817,0.839,0.829,0.799,0.740,0.734,0.733,0.728,0.724,0.762,0.809,0.882,0.837,0.806,0.800,0.759,0.670,0.693,0.789,0.875,0.872,0.858,0.796,0.730,0.731,0.726,0.769,0.782,0.708,0.759,0.794,0.816,0.778,0.970
P(H),0.010,0.024,0.068,0.102,0.156,0.214,0.213,0.231,0.251,0.245,0.189,0.092,0.044,0.039,0.264,0.395,0.521,0.501,0.434,0.345,0.226,0.099,0.066,0.078,0.190,0.218,0.212,0.165,0.177,0.214,0.232,0.257,0.219,0.221,0.327,0.323,0.276,0.180,0.171,0.213,0.344,0.411,0.375,0.246,0.200,0.088,0.088,0.096,0.324,0.349,0.268,0.233,0.236,0.221,0.228,0.205,0.225,0.191,0.103,0.049,0.003,0.011,0.248,0.352,0.415,0.426,0.463,0.616,0.609,0.617,0.830,0.869,0.866,0.877,0.927,0.972,0.981,0.986,0.989,0.996,0.998,0.999,0.999,0.999,0.998,0.999,0.998,0.995,0.986,0.992,0.994,0.993,0.999,0.999,0.999,0.999,0.999,0.998,0.994,0.939,0.618,0.135,0.143,0.145,0.047,0.004,0.005,0.914,0.985,0.997,0.997,0.994,0.996,0.997,0.996,0.997,0.998,0.998,0.998,0.998,0.998,0.997,0.992,0.980,0.875,0.739,0.823,0.985,0.996,0.997,0.996,0.999,1.000,0.999,0.996,0.976,0.682,0.010,0.008,0.007,0.015,0.017,0.013,0.071,0.768,0.843,0.934,0.941,0.976,0.995,0.997,0.989,0.980,0.995,0.999,0.999,0.996,0.979,0.945,0.931,0.971,0.988,0.999,1.000,0.999,0.998,0.994,0.998,0.997,0.994,0.995,0.997,0.999,0.998,0.997,0.994,0.951,0.742,0.028,0.120,0.161,0.260,0.258,0.377,0.381,0.406,0.038,0.033,0.958,0.984,0.997,0.999,0.999,1.000,1.000,0.999,0.997,0.996,0.997,0.998,0.997,0.999,0.999,0.997,0.991,0.939,0.791,0.587,0.922,0.980,0.976,0.901,0.593,0.299,0.307,0.201,0.116,0.200,0.365,0.427,0.418,0.320,0.231,0.188,0.118,0.126,0.160,0.203,0.206,0.170,0.148,0.618,0.842,0.942,0.988,0.996,0.997,0.995,0.978,0.939,0.940,0.951,0.875,0.922,0.983,0.987,0.991,0.994,0.998,0.999,0.998,0.999,0.999,0.998,0.997,0.997,0.998,0.998,0.997,0.996,0.995,0.988,0.976,0.960,0.954,0.906,0.854,0.720,0.645,0.529,0.478,0.541,0.544,0.596,0.714,0.724,0.686,0.658,0.541,0.441,0.400,0.264,0.172,0.041,0.101,0.232,0.291,0.311,0.356,0.377,0.548,0.752,0.813,0.840,0.812,0.778,0.702,0.595,0.483,0.316,0.165,0.023,0.060,0.096,0.142,0.217,0.203,0.188,0.211,0.254,0.303,0.399,0.482,0.569,0.744,0.765,0.780,0.860,0.923,0.961,0.988,0.990,0.989,0.992,0.997,0.998,0.997,0.997,0.995,0.996,0.997,0.988,0.961,0.900,0.796,0.730,0.936,0.993,0.998,0.997,0.995,0.995,0.994,0.983,0.984,0.977,0.920,0.766,0.263,0.463,0.469,0.416,0.129,0.127,0.316,0.436,0.814,0.899,0.927,0.977,0.991,0.990,0.986,0.988,0.985,0.986,0.994,0.997,0.998,0.990,0.983,0.966,0.832,0.673,0.784,0.965,0.980,0.993,0.996,0.993,0.974,0.881,0.607,0.003,0.918,0.958,0.988,0.987,0.993,0.999,0.999,0.996,0.984,0.915,0.664,0.283,0.136,0.186,0.167,0.188,0.216,0.194,0.140,0.085,0.408,0.668,0.744,0.782,0.655,0.519,0.293,0.113,0.051,0.019,0.122,0.511,0.545,0.483,0.361,0.240,0.249,0.294,0.330,0.316,0.283,0.252,0.159,0.170,0.150,0.122,0.114,0.148,0.168,0.169,0.149,0.229,0.224,0.170,0.124,0.147,0.175,0.247,0.250,0.239,0.234,0.212,0.172,0.156,0.101,0.133,0.156,0.177,0.217,0.312,0.292,0.197,0.107,0.103,0.129,0.190,0.248,0.242,0.214,0.183,0.168,0.175,0.075,0.018,0.016,0.013,0.001
P(E),0.005,0.041,0.126,0.071,0.067,0.041,0.029,0.025,0.041,0.052,0.067,0.055,0.035,0.027,0.006,0.023,0.077,0.162,0.232,0.265,0.144,0.069,0.043,0.025,0.032,0.079,0.109,0.102,0.059,0.038,0.037,0.049,0.034,0.031,0.031,0.022,0.031,0.044,0.032,0.038,0.026,0.030,0.046,0.065,0.128,0.188,0.093,0.043,0.013,0.016,0.026,0.056,0.082,0.064,0.094,0.095,0.078,0.065,0.035,0.055,0.034,0.006,0.002,0.012,0.020,0.023,0.028,0.020,0.021,0.011,0.002,0.001,0.001,0.001,0.001,0.000,0.000,0.000,0.000,0.000,0.000,0.000,0.000,0.000,0.000,0.000,0.000,0.000,0.000,0.000,0.000,0.000,0.000,0.000,0.000,0.000,0.000,0.000,0.000,0.000,0.005,0.015,0.008,0.007,0.010,0.005,0.033,0.000,0.000,0.000,0.000,0.000,0.000,0.000,0.000,0.000,0.000,0.000,0.000,0.000,0.000,0.000,0.000,0.000,0.000,0.000,0.000,0.000,0.000,0.000,0.000,0.000,0.000,0.000,0.000,0.000,0.001,0.002,0.012,0.055,0.034,0.012,0.008,0.001,0.000,0.001,0.000,0.000,0.000,0.000,0.000,0.000,0.000,0.000,0.000,0.000,0.000,0.000,0.000,0.000,0.000,0.000,0.000,0.000,0.000,0.000,0.000,0.000,0.000,0.000,0.000,0.000,0.000,0.000,0.000,0.000,0.000,0.001,0.004,0.003,0.006,0.008,0.004,0.005,0.006,0.013,0.007,0.007,0.000,0.000,0.000,0.000,0.000,0.000,0.000,0.000,0.000,0.000,0.000,0.000,0.000,0.000,0.000,0.000,0.000,0.000,0.000,0.000,0.000,0.000,0.000,0.001,0.013,0.072,0.134,0.085,0.032,0.024,0.011,0.018,0.039,0.060,0.037,0.029,0.040,0.207,0.243,0.295,0.231,0.078,0.016,0.001,0.000,0.000,0.000,0.000,0.000,0.000,0.000,0.000,0.000,0.000,0.000,0.000,0.000,0.000,0.000,0.000,0.000,0.000,0.000,0.000,0.000,0.000,0.000,0.000,0.000,0.000,0.000,0.000,0.000,0.000,0.000,0.000,0.000,0.001,0.001,0.002,0.002,0.001,0.001,0.001,0.001,0.001,0.001,0.001,0.002,0.002,0.002,0.005,0.006,0.006,0.005,0.003,0.001,0.002,0.002,0.002,0.001,0.001,0.000,0.000,0.001,0.001,0.002,0.001,0.002,0.006,0.016,0.019,0.022,0.016,0.003,0.004,0.010,0.011,0.007,0.007,0.012,0.012,0.022,0.007,0.005,0.006,0.002,0.001,0.000,0.000,0.000,0.000,0.000,0.000,0.000,0.000,0.000,0.000,0.000,0.000,0.000,0.000,0.000,0.000,0.000,0.000,0.000,0.000,0.000,0.000,0.000,0.000,0.000,0.000,0.000,0.000,0.000,0.000,0.000,0.000,0.003,0.003,0.002,0.004,0.015,0.010,0.002,0.002,0.001,0.000,0.000,0.000,0.000,0.000,0.000,0.000,0.000,0.000,0.000,0.000,0.000,0.000,0.000,0.000,0.000,0.000,0.000,0.000,0.000,0.000,0.000,0.000,0.000,0.000,0.000,0.003,0.000,0.000,0.000,0.000,0.000,0.000,0.000,0.000,0.000,0.000,0.002,0.021,0.025,0.033,0.016,0.014,0.009,0.009,0.010,0.005,0.001,0.001,0.002,0.005,0.025,0.022,0.019,0.009,0.016,0.009,0.002,0.001,0.004,0.006,0.011,0.009,0.006,0.005,0.009,0.007,0.014,0.011,0.005,0.011,0.014,0.011,0.010,0.006,0.008,0.009,0.007,0.006,0.012,0.013,0.037,0.024,0.026,0.013,0.016,0.028,0.037,0.064,0.067,0.035,0.017,0.030,0.039,0.023,0.024,0.018,0.015,0.015,0.018,0.025,0.013,0.014,0.023,0.028,0.060,0.049,0.050,0.116,0.166,0.188,0.168,0.209,0.029
